	Frequency [Hz]	Amplitude [mm]	Phase Angle [°]	
1	2.e-002	9.3763e-007	180.	
2	67.713	1.2433e-006	179.25	
3	81.043	1.452e-006	178.94	
4	90.245	1.6787e-006	178.62	
5	95.884	1.8763e-006	178.34	
6	99.091	2.0208e-006	178.1	
7	100.84	2.1148e-006	177.85	
8	101.77	2.1693e-006	177.52	
9	102.25	2.1944e-006	177.22	
10	102.51	2.204e-006	177.07	
11	102.64	2.2079e-006	177.01	
12	102.71	2.2098e-006	176.99	
13	102.75	2.2107e-006	176.99	
14	102.76	2.2112e-006	176.98	
15	102.77	2.2114e-006	176.98	
16	102.78	2.2117e-006	176.98	
17	102.79	2.212e-006	176.98	
18	102.8	2.2122e-006	176.98	
19	102.82	2.2127e-006	176.98	
20	102.86	2.2136e-006	176.98	
21	102.93	2.2155e-006	176.99	
22	103.06	2.2195e-006	177.02	
23	103.32	2.2296e-006	177.13	
24	103.81	2.2575e-006	177.35	
25	104.77	2.3242e-006	177.53	
26	106.62	2.4658e-006	177.48	
27	110.18	2.794e-006	177.1	
28	117.07	3.8164e-006	175.77	
29	118.23	4.0792e-006	175.43	
30	124.71	6.7516e-006	171.91	
31	128.88	1.2035e-005	164.82	
32	131.15	2.0729e-005	152.5	
33	132.36	3.1366e-005	134.97	
34	132.99	3.9086e-005	117.44	
35	133.32	4.2368e-005	105.12	
36	133.5	4.3377e-005	98.027	
37	133.59	4.3645e-005	94.237	
38	133.63	4.3709e-005	92.257	
39	133.66	4.3722e-005	91.228	
40	133.67	4.3723e-005	90.695	
41	133.68	4.372e-005	90.123	
42	133.7	4.3713e-005	89.55	
43	133.71	4.3702e-005	89.017	
44	133.73	4.367e-005	87.989	
45	133.78	4.3569e-005	86.008	
46	133.87	4.3232e-005	82.219	
47	134.04	4.2093e-005	75.127	
48	134.37	3.8599e-005	62.805	
49	135.02	3.0617e-005	45.273	
50	136.26	1.9789e-005	27.745	
51	138.67	1.1008e-005	15.44	
52	143.08	5.8335e-006	8.5933	
53	146.99	4.0302e-006	6.319	
54	149.58	3.3095e-006	5.3644	
55	150.96	3.0012e-006	4.6414	
56	151.68	2.8359e-006	4.0556	
57	152.06	2.7401e-006	3.8069	
58	152.26	2.6875e-006	3.7579	
59	152.36	2.6599e-006	3.7652	
60	152.41	2.6455e-006	3.779	
61	152.44	2.638e-006	3.789	
62	152.45	2.6342e-006	3.7949	
63	152.47	2.63e-006	3.8018	
64	152.48	2.6259e-006	3.8094	
65	152.5	2.622e-006	3.817	
66	152.53	2.6146e-006	3.8331	
67	152.58	2.6004e-006	3.8698	
68	152.68	2.5732e-006	3.9614	
69	152.88	2.5223e-006	4.2105	
70	153.26	2.4326e-006	4.9027	
71	153.99	2.2875e-006	6.6721	
72	154.83	2.1487e-006	9.452	
73	155.64	2.0598e-006	13.773	
74	156.39	2.1008e-006	19.005	
75	156.78	2.1992e-006	20.764	
76	156.98	2.265e-006	20.969	
77	157.08	2.3e-006	20.856	
78	157.14	2.3179e-006	20.739	
79	157.17	2.327e-006	20.663	
80	157.18	2.3317e-006	20.62	
81	157.2	2.3367e-006	20.571	
82	157.21	2.3416e-006	20.519	
83	157.23	2.3461e-006	20.467	
84	157.26	2.3548e-006	20.362	
85	157.31	2.3709e-006	20.133	
86	157.42	2.3996e-006	19.608	
87	157.62	2.4436e-006	18.358	
88	158.01	2.4815e-006	15.568	
89	158.77	2.4281e-006	10.943	
90	160.23	2.2126e-006	6.5248	
91	163.06	1.8909e-006	4.0579	
92	168.51	1.5082e-006	2.8842	
93	179.04	1.0842e-006	2.1531	
94	192.01	7.8833e-007	1.7351	
95	199.15	6.7798e-007	1.5854	
96	211.6	5.3677e-007	1.3689	
97	218.67	4.7748e-007	1.1468	
98	222.53	4.516e-007	0.66122	
99	224.58	4.3899e-007	-0.25461	
100	225.66	4.2947e-007	-1.1777	
101	226.22	4.2206e-007	-1.6628	
102	226.51	4.1748e-007	-1.8388	
103	226.66	4.1498e-007	-1.8962	
104	226.74	4.1366e-007	-1.9154	
105	226.78	4.1297e-007	-1.9223	
106	226.8	4.1262e-007	-1.9252	
107	226.82	4.1224e-007	-1.9275	
108	226.85	4.1185e-007	-1.9293	
109	226.87	4.115e-007	-1.9303	
110	226.91	4.1081e-007	-1.9308	
111	226.99	4.0949e-007	-1.9257	
112	227.14	4.0698e-007	-1.8944	
113	227.43	4.0239e-007	-1.7608	
114	228.	3.9499e-007	-1.3184	
115	229.09	3.8586e-007	-0.3841	
116	231.2	3.7502e-007	0.56976	
117	235.28	3.5523e-007	1.0392	
118	243.15	3.1755e-007	1.1824	
119	258.34	2.5575e-007	1.2317	
120	281.39	1.8498e-007	1.3616	
121	294.98	1.5203e-007	1.527	
122	313.41	1.1383e-007	1.9751	
123	323.89	9.4122e-008	2.5135	
124	329.6	8.3551e-008	3.0663	
125	332.64	7.7856e-008	3.5621	
126	334.23	7.4852e-008	3.9304	
127	335.06	7.3295e-008	4.1516	
128	335.5	7.2486e-008	4.2706	
129	335.72	7.2066e-008	4.3329	
130	335.84	7.1847e-008	4.3653	
131	335.9	7.1734e-008	4.3821	
132	335.93	7.1675e-008	4.3909	
133	335.96	7.1612e-008	4.4002	
134	336.	7.1549e-008	4.4096	
135	336.03	7.149e-008	4.4184	
136	336.09	7.1376e-008	4.4353	
137	336.21	7.1156e-008	4.468	
138	336.43	7.0729e-008	4.5317	
139	336.87	6.9895e-008	4.6575	
140	337.7	6.8248e-008	4.9216	
141	339.32	6.4917e-008	5.591	
142	342.45	5.8018e-008	8.057	
143	343.5	5.5598e-008	9.5284	
144	344.39	5.357e-008	11.217	
145	347.56	4.9006e-008	23.09	
146	349.23	5.3345e-008	31.568	
147	350.1	5.8647e-008	33.368	
148	350.55	6.1767e-008	33.054	
149	350.79	6.3343e-008	32.561	
150	350.91	6.4128e-008	32.226	
151	350.97	6.4523e-008	32.033	
152	351.	6.4725e-008	31.928	
153	351.04	6.4938e-008	31.811	
154	351.07	6.5149e-008	31.691	
155	351.11	6.5342e-008	31.575	
156	351.17	6.5707e-008	31.344	
157	351.29	6.638e-008	30.867	
158	351.53	6.7549e-008	29.852	
159	351.98	6.9256e-008	27.648	
160	352.86	7.0479e-008	23.179	
161	354.55	6.7718e-008	16.325	
162	357.82	5.829e-008	10.273	
163	364.12	4.3736e-008	8.1555	
164	376.3	2.2532e-008	13.369	
165	399.82	1.7989e-008	159.19	
166	416.59	4.909e-008	170.04	
167	423.32	6.3811e-008	171.17	
168	449.77	1.4828e-007	171.6	
169	464.81	2.4739e-007	168.83	
170	473.01	3.5693e-007	163.37	
171	477.37	4.5294e-007	155.1	
172	479.65	5.029e-007	146.84	
173	480.85	5.1501e-007	141.51	
174	481.47	5.1462e-007	138.8	
175	481.79	5.1254e-007	137.49	
176	481.96	5.1101e-007	136.86	
177	482.05	5.101e-007	136.54	
178	482.09	5.096e-007	136.38	
179	482.14	5.0905e-007	136.21	
180	482.19	5.0847e-007	136.04	
181	482.23	5.0791e-007	135.89	
182	482.32	5.068e-007	135.61	
183	482.49	5.0448e-007	135.09	
184	482.81	4.9959e-007	134.22	
185	483.43	4.8959e-007	133.07	
186	484.64	4.7597e-007	132.7	
187	486.96	5.0086e-007	134.46	
188	487.88	5.2929e-007	134.18	
189	488.72	5.6225e-007	132.92	
190	491.07	6.6154e-007	123.58	
191	492.29	6.9306e-007	115.39	
192	492.93	6.9556e-007	110.55	
193	493.26	6.9219e-007	107.98	
194	493.43	6.8914e-007	106.65	
195	493.52	6.8721e-007	105.96	
196	493.56	6.8612e-007	105.6	
197	493.61	6.8487e-007	105.22	
198	493.66	6.8356e-007	104.84	
199	493.71	6.8227e-007	104.49	
200	493.8	6.796e-007	103.81	
201	493.97	6.7381e-007	102.52	
202	494.3	6.6037e-007	100.1	
203	494.94	6.2719e-007	95.855	
204	496.17	5.4709e-007	89.922	
205	498.55	4.0159e-007	89.473	
206	503.14	3.4404e-007	117.48	
207	505.23	4.1132e-007	127.25	
208	507.06	5.0477e-007	131.08	
209	511.74	9.011e-007	123.83	
210	514.19	1.1993e-006	109.09	
211	515.47	1.3381e-006	97.875	
212	516.14	1.389e-006	91.293	
213	516.48	1.4071e-006	87.753	
214	516.66	1.4141e-006	85.899	
215	516.75	1.417e-006	84.935	
216	516.8	1.4183e-006	84.435	
217	516.85	1.4196e-006	83.897	
218	516.91	1.4207e-006	83.359	
219	516.95	1.4216e-006	82.859	
220	517.05	1.423e-006	81.893	
221	517.23	1.4244e-006	80.032	
222	517.57	1.4221e-006	76.465	
223	518.24	1.4004e-006	69.785	
224	519.53	1.3098e-006	58.199	
225	522.02	1.072e-006	41.944	
226	526.83	7.1919e-007	26.867	
227	529.39	5.9901e-007	23.595	
228	531.65	5.1717e-007	22.519	
229	536.55	4.033e-007	26.724	
230	539.13	3.9333e-007	31.887	
231	540.47	4.066e-007	33.202	
232	541.17	4.1614e-007	32.992	
233	541.53	4.2105e-007	32.622	
234	541.72	4.2347e-007	32.364	
235	541.81	4.2468e-007	32.213	
236	541.87	4.2529e-007	32.13	
237	541.92	4.2593e-007	32.039	
238	541.97	4.2656e-007	31.944	
239	542.02	4.2714e-007	31.852	
240	542.12	4.2821e-007	31.668	
241	542.31	4.3013e-007	31.286	
242	542.67	4.3322e-007	30.462	
243	543.37	4.3653e-007	28.633	
244	544.73	4.329e-007	24.811	
245	547.34	4.0226e-007	18.725	
246	552.38	3.3198e-007	13.056	
247	554.78	3.0394e-007	11.948	
248	556.88	2.8188e-007	11.436	
249	562.01	2.3382e-007	11.521	
250	564.71	2.081e-007	12.565	
251	566.11	1.9341e-007	13.926	
252	566.85	1.8556e-007	15.084	
253	567.23	1.8152e-007	15.848	
254	567.42	1.7946e-007	16.294	
255	567.52	1.784e-007	16.54	
256	567.58	1.7785e-007	16.671	
257	567.63	1.7727e-007	16.814	
258	567.69	1.7669e-007	16.961	
259	567.74	1.7615e-007	17.1	
260	567.85	1.7512e-007	17.377	
261	568.04	1.7316e-007	17.94	
262	568.42	1.6954e-007	19.139	
263	569.16	1.6325e-007	21.874	
264	570.57	1.5485e-007	28.649	
265	573.31	1.5988e-007	45.215	
266	573.78	1.6465e-007	48.019	
267	574.19	1.6987e-007	50.277	
268	576.94	2.33e-007	58.367	
269	578.38	2.7903e-007	56.145	
270	579.13	3.0224e-007	53.407	
271	579.51	3.1325e-007	51.66	
272	579.71	3.1858e-007	50.685	
273	579.82	3.2122e-007	50.164	
274	579.87	3.2256e-007	49.89	
275	579.93	3.2397e-007	49.593	
276	579.99	3.2535e-007	49.293	
277	580.04	3.2661e-007	49.012	
278	580.15	3.2898e-007	48.462	
279	580.35	3.3328e-007	47.382	
280	580.74	3.4054e-007	45.243	
281	581.49	3.5055e-007	41.039	
282	582.93	3.5611e-007	33.358	
283	585.73	3.3689e-007	22.28	
284	591.13	2.8465e-007	12.02	
285	598.3	2.383e-007	7.1779	
286	604.98	2.1047e-007	5.3852	
287	610.56	1.9337e-007	4.7898	
288	613.49	1.8631e-007	4.7515	
289	615.01	1.8329e-007	4.7476	
290	615.81	1.8189e-007	4.7221	
291	616.22	1.812e-007	4.6982	
292	616.43	1.8085e-007	4.6826	
293	616.55	1.8067e-007	4.6736	
294	616.6	1.8058e-007	4.6687	
295	616.66	1.8048e-007	4.6633	
296	616.73	1.8038e-007	4.6576	
297	616.78	1.8028e-007	4.6522	
298	616.89	1.801e-007	4.6413	
299	617.11	1.7976e-007	4.6184	
300	617.52	1.7909e-007	4.5681	
301	618.32	1.778e-007	4.451	
302	619.86	1.752e-007	4.1807	
303	622.83	1.6985e-007	3.678	
304	628.57	1.5992e-007	3.0602	
305	639.65	1.4421e-007	2.4691	
306	661.04	1.2231e-007	1.8991	
307	702.35	9.5411e-008	1.3646	
308	782.1	6.6859e-008	0.91479	
309	936.06	4.1029e-008	0.58211	
310	1000.	3.4871e-008	0.51046	
